1.6298 -4.169 0.939  sim
9.3979 -8.991 0.852  sim
25.6795 -6.780 0.978  sim
26.4610 -8.740 0.921  sim
26.6672 -6.065 0.911  sim
29.3115 -7.525 0.896  sim
37.3038 -8.969 0.818  sim
54.4190 -7.083 0.962  sim
62.3251 -8.057 0.993  sim
62.3788 -7.330 0.881  sim
63.5218 -7.624 0.935  sim
63.6273 -7.147 0.798  sim
64.4197 -6.775 0.811  sim
65.4447 -6.434 0.805  sim
65.5039 -6.341 0.898  sim
65.5330 -8.551 0.847  sim
67.3003 -6.924 0.861  sim
67.4700 -8.059 0.893  sim
67.5479 -6.892 0.889  sim
69.5862 -8.137 0.929  sim
72.5912 -5.806 0.875  sim
73.6245 -6.625 0.975  sim
73.6928 -5.538 0.809  sim
77.4713 -4.870 0.820  sim
82.4198 -5.180 0.889  sim
86.6609 -8.069 0.886  sim
87.3676 -6.430 0.987  sim
89.3038 -9.145 0.871  sim
89.4369 -10.141 0.860  sim
93.4010 -8.882 0.896  sim
93.4943 -8.011 0.966  sim
93.6261 -9.914 0.975  sim
94.3825 -7.527 0.893  sim
97.4989 -7.305 0.886  sim
99.6573 -5.548 0.857  sim
99.6943 -6.976 0.876  sim
100.5473 -6.354 0.779  sim
100.5660 -7.429 0.875  sim
101.4343 -6.403 0.848  sim
102.4688 -8.362 1.033  sim
103.3229 -7.327 0.908  sim
104.6580 -6.413 0.849  sim
105.6578 -7.563 0.967  sim
108.4022 -10.237 0.921  sim
108.6754 -9.802 0.869  sim
109.4803 -9.391 0.888  sim
111.5416 -9.098 0.848  sim
112.3060 -10.599 0.915  sim
116.5015 -7.137 0.905  sim
117.4084 -8.702 0.932  sim
117.4418 -5.720 0.889  sim
119.3187 -5.117 0.888  sim
121.6805 -7.595 0.959  sim
124.4771 -8.245 0.900  sim
124.5368 -8.079 0.893  sim
125.6376 -8.380 0.896  sim
126.6032 -7.555 0.805  sim
132.4085 -10.237 0.950  sim
141.4843 -8.104 0.892  sim
144.4863 -7.247 0.892  sim
145.3940 -8.936 0.885  sim
149.5875 -11.152 0.854  sim
150.5331 -8.795 1.020  sim
155.5469 -7.933 0.950  sim
156.4143 -6.290 0.814  sim
157.3772 -7.426 0.917  sim
159.3205 -7.964 0.914  sim
162.5780 -4.961 0.892  sim
164.5052 -6.000 0.900  sim
165.3232 -7.445 0.996  sim
168.3280 -9.024 0.961  sim
168.3979 -8.866 0.825  sim
168.5206 -8.066 0.994  sim
177.6416 -6.268 0.879  sim
178.6102 -8.250 0.906  sim
179.6331 -8.558 0.828  sim
183.5480 -8.272 0.863  sim
184.4077 -9.207 0.918  sim
184.4480 -9.387 0.843  sim
193.6694 -6.671 0.869  sim
205.6780 -11.890 0.879  sim
211.6342 -11.824 0.886  sim
214.3043 -13.650 0.920  sim
214.5332 -11.477 0.837  sim
215.3244 -14.503 0.872  sim
221.5876 -11.603 0.908  sim
226.5763 -14.031 0.894  sim
236.4738 -10.121 0.876  sim
239.5373 -10.049 0.878  sim
367.4969 -7.472 0.887  sim
383.4304 -6.836 0.904  sim
384.3642 -8.830 0.951  sim
403.4334 -8.524 0.865  sim
404.6893 -9.780 0.915  sim
409.4932 -11.502 0.910  sim
410.4266 -11.373 0.851  sim
414.4816 -13.297 0.893  sim
417.3778 -11.338 0.996  sim
420.5832 -9.227 0.971  sim
421.5568 -10.693 0.900  sim
426.6130 -9.235 0.916  sim
427.4146 -7.650 0.859  sim
431.5303 -10.563 0.897  sim
431.5490 -9.432 0.922  sim
431.5763 -9.010 0.932  sim
432.5940 -9.871 0.901  sim
433.5625 -8.183 0.853  sim
435.3834 -6.421 0.921  sim
435.5674 -7.573 0.860  sim
436.6320 -8.265 0.832  sim
437.3408 -7.789 0.913  sim
439.4735 -6.645 0.994  sim
439.6299 -8.060 0.977  sim
440.6262 -8.073 0.921  sim
441.4654 -6.545 0.982  sim
442.4408 -7.314 0.970  sim
443.5349 -7.028 0.823  sim
443.5647 -6.359 0.866  sim
444.3507 -7.413 0.884  sim
444.3916 -5.432 0.862  sim
444.4102 -4.439 0.849  sim
444.6113 -7.058 0.864  sim
447.6914 -5.881 0.893  sim
449.3053 -7.279 0.890  sim
450.6951 -8.303 0.857  sim
450.6993 -8.441 0.877  sim
451.4651 -8.697 0.852  sim
453.5948 -8.729 0.899  sim
455.5102 -9.493 0.883  sim
456.4969 -6.751 0.908  sim
456.6336 -7.827 0.824  sim
462.3833 -7.296 0.995  sim
462.4667 -8.187 0.915  sim
463.3547 -6.773 0.973  sim
464.4747 -10.430 0.921  sim
464.5079 -8.444 0.941  sim
465.3348 -8.006 0.873  sim
468.6088 -6.611 0.921  sim
473.5285 -7.887 0.878  sim
473.6361 -7.640 0.886  sim
475.6050 -7.139 0.911  sim
478.4613 -6.853 0.867  sim
478.4906 -9.249 0.907  sim
479.3317 -6.798 0.842  sim
482.5376 -7.887 0.930  sim
485.5443 -10.163 0.798  sim
487.6937 -9.235 0.868  sim
488.5131 -9.514 0.944  sim
490.5910 -9.056 0.890  sim
491.4470 -8.191 0.929  sim
496.6671 -9.421 0.964  sim
500.3909 -13.476 0.974  sim
500.4436 -8.741 0.896  sim
500.4515 -9.866 0.918  sim
500.6991 -11.168 0.888  sim
502.5398 -11.094 0.984  sim
504.5374 -11.181 0.952  sim
507.3587 -10.267 0.932  sim
507.4773 -10.941 0.836  sim
508.5393 -11.918 0.923  sim
510.3798 -7.774 0.892  sim
510.4034 -9.019 0.907  sim
510.6523 -9.177 0.962  sim
511.4737 -7.958 0.958  sim
511.6042 -8.803 0.861  sim
512.3863 -8.123 0.885  sim
512.6193 -9.842 0.904  sim
513.3358 -8.691 0.934  sim
520.5699 -5.307 0.890  sim
522.3161 -7.366 0.879  sim
523.6496 -10.534 0.942  sim
525.3968 -8.607 0.903  sim
527.5039 -9.076 0.972  sim
528.5626 -10.651 0.996  sim
532.4222 -10.687 0.919  sim
534.5178 -5.907 0.846  sim
534.6471 -8.392 0.871  sim
535.4808 -8.011 0.867  sim
535.6378 -6.734 0.923  sim
537.5429 -6.862 0.884  sim
539.4950 -6.941 0.849  sim
541.3920 -7.503 0.921  sim
541.4595 -7.719 0.937  sim
542.4215 -10.095 1.021  sim
544.5279 -8.548 0.774  sim
546.5711 -9.666 0.893  sim
546.5900 -10.809 0.931  sim
548.6288 -9.303 0.914  sim
550.4049 -8.567 0.800  sim
552.3859 -8.157 0.883  sim
557.3461 -4.985 0.814  sim
564.5716 -8.316 1.014  sim
571.6226 -11.673 0.908  sim
573.3601 -10.295 0.890  sim
584.5832 -8.643 0.841  sim
587.4999 -9.565 1.007  sim
595.4250 -5.265 0.943  sim
597.4999 -3.273 0.894  sim
598.4689 -5.179 0.860  sim
598.5927 -7.363 0.888  sim
