13.6750 10.662 0.906  sim
18.3167 4.938 0.890  sim
32.3048 9.798 0.862  sim
39.3411 4.961 0.980  sim
40.5017 3.589 0.873  sim
44.5379 11.265 0.917  sim
50.4501 9.407 0.847  sim
53.5779 4.024 0.813  sim
61.3536 9.794 0.961  sim
61.5361 10.002 0.899  sim
65.3768 10.528 0.833  sim
66.4602 7.618 0.922  sim
66.4623 7.113 0.891  sim
66.6023 7.389 0.874  sim
67.6454 6.651 0.857  sim
71.5063 8.016 0.971  sim
71.5836 8.848 0.825  sim
77.3820 10.605 0.952  sim
78.6211 12.214 0.822  sim
80.3156 13.222 0.978  sim
81.4926 11.548 0.857  sim
82.3303 11.107 0.906  sim
82.3338 11.155 0.866  sim
82.4773 8.534 0.915  sim
82.5542 8.489 0.931  sim
83.3076 10.211 0.834  sim
84.5872 5.937 0.838  sim
84.6024 5.106 0.865  sim
84.6763 8.327 0.788  sim
86.4237 5.185 0.909  sim
86.4612 6.720 0.926  sim
86.4798 4.828 0.868  sim
88.4979 4.474 0.908  sim
88.6097 4.492 0.833  sim
89.4485 7.062 0.858  sim
92.3179 11.482 0.864  sim
93.5087 12.820 0.980  sim
96.6454 9.020 0.930  sim
99.6708 9.694 0.872  sim
100.4990 9.227 0.854  sim
102.3565 6.954 0.867  sim
103.4266 6.254 0.989  sim
104.3291 6.204 0.865  sim
106.3862 3.191 0.811  sim
107.3085 4.485 0.905  sim
108.6744 5.843 0.933  sim
112.4549 8.052 0.921  sim
112.5715 11.176 0.918  sim
113.3924 8.514 0.926  sim
115.6018 4.253 0.853  sim
117.4583 7.380 0.939  sim
117.4975 5.757 0.932  sim
117.6083 6.224 0.916  sim
118.3167 6.648 0.872  sim
119.3712 5.197 0.881  sim
119.4282 6.434 0.915  sim
119.4824 7.853 0.869  sim
119.5340 6.100 0.889  sim
120.6750 6.107 0.827  sim
121.5637 5.438 0.918  sim
123.3616 7.529 0.893  sim
128.4862 5.951 0.798  sim
129.3592 4.795 0.907  sim
130.4187 5.427 0.899  sim
131.6087 5.627 0.929  sim
131.6370 5.617 0.930  sim
133.5640 3.893 0.885  sim
134.6851 3.735 0.942  sim
140.6438 9.783 0.926  sim
140.6845 9.000 0.903  sim
142.5043 8.954 0.942  sim
146.5654 5.301 0.937  sim
147.3792 3.067 0.949  sim
147.4308 4.665 0.869  sim
149.4645 4.516 0.923  sim
151.6147 4.779 0.861  sim
152.3240 2.344 0.813  sim
152.3430 4.684 0.939  sim
152.6474 6.307 0.966  sim
155.3063 7.037 1.036  sim
156.3995 7.480 0.844  sim
156.4492 9.533 0.891  sim
157.3600 9.424 0.899  sim
157.4528 10.643 0.947  sim
159.3448 9.234 0.912  sim
160.4361 9.084 0.913  sim
161.5002 6.781 0.839  sim
162.6851 6.105 0.917  sim
164.5678 6.210 0.960  sim
168.4226 4.373 0.812  sim
169.4086 6.623 0.965  sim
169.6655 5.072 0.914  sim
170.6998 8.040 0.934  sim
171.3441 9.292 0.916  sim
171.5147 8.889 0.932  sim
173.4460 8.337 0.951  sim
174.3520 12.292 0.915  sim
174.3612 10.225 0.825  sim
176.6018 12.621 0.881  sim
182.4063 3.786 0.904  sim
186.4940 8.224 0.829  sim
195.3619 8.762 0.993  sim
199.5930 4.985 0.873  sim
219.6130 9.165 0.853  sim
220.6061 10.305 0.851  sim
223.3282 9.017 0.839  sim
225.3957 8.292 0.959  sim
231.5931 4.358 0.837  sim
232.4450 4.121 0.867  sim
240.3033 10.208 0.850  sim
241.3198 7.641 0.959  sim
372.5744 4.314 0.848  sim
376.4542 6.267 0.970  sim
382.5990 5.243 0.964  sim
389.5535 2.909 0.969  sim
403.4908 3.178 0.883  sim
411.4947 7.625 0.933  sim
429.3633 7.896 0.820  sim
431.6055 7.600 0.826  sim
431.6910 7.695 0.853  sim
432.3094 10.735 0.948  sim
437.3990 2.352 0.880  sim
440.6163 4.258 0.842  sim
441.4288 3.638 1.016  sim
442.5882 4.075 0.942  sim
443.6837 6.431 0.928  sim
445.4151 7.644 0.852  sim
446.5795 8.674 0.938  sim
447.3430 8.345 0.865  sim
447.4746 7.212 0.987  sim
449.6075 8.558 0.849  sim
450.4970 5.086 0.828  sim
450.4978 6.549 0.912  sim
452.5074 5.102 0.884  sim
453.5198 3.878 0.862  sim
455.4471 4.152 0.907  sim
456.5521 3.808 0.852  sim
457.4880 3.130 0.934  sim
457.6296 4.855 0.845  sim
460.6919 4.190 0.885  sim
462.6095 8.652 0.957  sim
465.6503 3.100 0.928  sim
468.5018 2.559 0.937  sim
472.3011 4.594 0.847  sim
472.5353 3.922 0.812  sim
473.3589 2.434 0.896  sim
473.5340 4.635 0.891  sim
474.6275 5.520 0.949  sim
478.3728 5.028 0.900  sim
480.4178 3.761 0.932  sim
481.3801 3.646 0.904  sim
484.3638 2.659 0.960  sim
484.6031 0.869 0.989  sim
487.6307 3.978 0.880  sim
488.5608 5.069 0.903  sim
491.5923 6.897 0.888  sim
494.3917 4.843 0.905  sim
495.5332 5.616 0.854  sim
495.5520 3.114 0.891  sim
495.5704 4.186 0.926  sim
495.6863 2.060 0.825  sim
497.6158 3.776 0.957  sim
498.6784 1.068 0.926  sim
502.4246 3.486 0.888  sim
504.3366 4.389 0.831  sim
504.3457 3.263 0.833  sim
506.6773 4.355 0.844  sim
511.3816 6.276 0.880  sim
511.3974 8.181 0.919  sim
512.6293 7.031 0.905  sim
515.6614 0.792 1.005  sim
517.4081 2.126 0.847  sim
517.6597 1.552 0.804  sim
519.4064 1.000 0.895  sim
520.6400 3.178 0.924  sim
523.4296 5.421 0.834  sim
525.3920 8.350 0.991  sim
526.5836 8.620 0.907  sim
526.6241 8.296 0.766  sim
527.5777 8.420 0.859  sim
527.6062 7.996 1.047  sim
532.4616 5.504 0.893  sim
532.4618 4.608 0.797  sim
533.5743 5.551 0.924  sim
534.3526 4.817 0.920  sim
534.3738 4.047 0.909  sim
536.6243 5.039 0.964  sim
537.3292 6.059 0.822  sim
537.4504 5.321 0.934  sim
540.6368 5.494 0.995  sim
543.5802 7.540 0.900  sim
544.6824 6.528 0.895  sim
549.4046 5.633 0.887  sim
549.4754 6.619 0.848  sim
557.5732 6.736 0.951  sim
560.4056 5.994 0.898  sim
563.3445 6.639 0.888  sim
579.3887 2.416 0.899  sim
584.5549 4.029 0.884  sim
590.4764 11.575 0.950  sim
