19.5211 -9.049 0.837  sim
23.5301 -11.343 0.899  sim
24.5093 -9.406 0.995  sim
31.3252 -3.605 0.944  sim
65.5151 -8.828 0.874  sim
66.4275 -9.438 0.912  sim
67.6662 -6.642 0.840  sim
67.6698 -6.668 0.888  sim
68.5710 -6.682 0.972  sim
71.3854 -3.374 0.867  sim
71.5571 -7.111 0.938  sim
77.3917 -7.990 0.799  sim
81.4685 -5.295 0.910  sim
81.6240 -6.089 0.930  sim
84.6643 -10.784 0.866  sim
85.6984 -9.660 0.885  sim
86.3523 -9.503 1.036  sim
86.5767 -7.175 0.876  sim
92.6076 -5.332 0.889  sim
95.5884 -5.167 0.853  sim
99.3058 -4.158 0.934  sim
100.6187 -4.910 0.815  sim
101.3846 -3.015 0.919  sim
101.6157 -5.387 0.886  sim
102.3726 -5.693 0.812  sim
105.6135 -9.161 0.891  sim
105.6538 -7.404 0.911  sim
107.5835 -4.528 0.877  sim
107.6997 -4.000 0.810  sim
112.4061 -3.705 0.928  sim
115.5015 -4.793 0.932  sim
116.4223 -5.638 0.863  sim
116.6766 -5.677 0.928  sim
117.4225 -5.548 0.947  sim
118.5425 -6.444 0.922  sim
119.6286 -5.707 0.930  sim
121.3437 -1.765 0.937  sim
121.4120 -2.924 0.798  sim
122.4370 -5.839 0.849  sim
124.6236 -8.283 0.848  sim
125.5476 -5.934 0.873  sim
126.4796 -3.577 0.899  sim
129.6611 -5.442 0.818  sim
130.3256 -2.504 0.807  sim
131.4794 -5.514 0.854  sim
132.6391 -3.184 0.965  sim
134.5919 -3.406 0.866  sim
137.6666 -6.743 0.889  sim
138.5252 -5.963 0.917  sim
140.3386 -5.007 0.908  sim
141.4140 -4.755 0.924  sim
142.4995 -7.659 0.852  sim
145.6503 -7.110 0.912  sim
146.3112 -5.994 0.912  sim
146.5278 -5.059 0.921  sim
149.6927 -5.657 0.904  sim
157.3259 -7.371 0.763  sim
157.4022 -6.804 0.763  sim
157.4767 -7.405 0.812  sim
157.5977 -6.726 0.878  sim
158.6403 -10.173 0.947  sim
159.4068 -7.368 0.829  sim
160.3263 -9.123 0.922  sim
162.4134 -10.719 0.946  sim
162.5121 -11.260 0.824  sim
166.4276 -8.934 0.823  sim
166.6835 -6.784 0.904  sim
170.3358 -6.758 0.900  sim
170.5907 -5.832 0.864  sim
170.5937 -7.319 0.921  sim
170.6175 -5.240 0.918  sim
171.4280 -5.154 0.855  sim
171.6136 -6.641 0.924  sim
171.6765 -6.935 0.874  sim
173.4056 -4.775 0.843  sim
175.4964 -6.835 0.853  sim
179.3291 -11.477 0.941  sim
182.5372 -11.461 0.905  sim
185.4518 -8.471 0.896  sim
193.4418 -7.147 0.856  sim
196.3558 -6.205 0.943  sim
208.6787 -7.378 0.928  sim
212.6028 -6.812 0.983  sim
218.4782 -7.045 0.894  sim
222.6762 -8.174 0.842  sim
240.4570 -7.112 0.963  sim
371.4660 -7.030 0.881  sim
376.6043 -10.742 0.996  sim
381.3995 -5.836 0.931  sim
387.5274 -6.148 0.928  sim
392.6269 -8.403 0.899  sim
402.4022 -3.483 0.877  sim
412.5025 -8.876 0.912  sim
413.3273 -8.091 0.948  sim
428.6683 -4.860 0.925  sim
429.6201 -6.365 0.919  sim
429.6370 -5.292 0.863  sim
430.4520 -6.886 0.991  sim
431.6126 -6.898 0.880  sim
432.4908 -8.129 0.822  sim
433.4890 -6.171 1.067  sim
434.4624 -5.738 0.916  sim
437.3998 -4.486 0.923  sim
438.3442 -3.467 1.000  sim
439.4907 -3.328 0.931  sim
440.5046 -3.030 0.848  sim
441.6268 -3.816 0.975  sim
442.3902 -6.084 0.862  sim
443.6631 -5.706 0.893  sim
444.4136 -4.911 0.944  sim
444.5209 -6.128 0.842  sim
444.6036 -7.171 0.858  sim
446.3334 -4.767 0.867  sim
446.5834 -7.050 0.883  sim
446.6985 -4.699 0.911  sim
448.4532 -5.995 0.948  sim
449.5571 -7.218 0.809  sim
450.5766 -7.076 0.804  sim
453.5394 -6.800 0.908  sim
455.5111 -4.684 0.855  sim
456.4969 -7.137 0.816  sim
457.6208 -3.151 0.883  sim
457.6823 -3.190 0.900  sim
458.3827 -3.252 0.940  sim
460.5244 -2.785 0.890  sim
461.6262 -2.948 0.871  sim
462.3253 -4.440 0.889  sim
463.6131 -6.457 0.915  sim
465.5936 -4.728 0.913  sim
467.5770 -2.394 0.964  sim
468.3002 -5.830 0.838  sim
468.4123 -3.782 0.881  sim
472.6103 -8.737 0.852  sim
474.5308 -6.661 0.867  sim
476.3920 -3.430 0.960  sim
477.4290 -5.712 0.881  sim
478.3350 -2.410 0.927  sim
478.5526 -3.861 0.909  sim
478.6889 -2.902 0.844  sim
481.5980 -5.341 0.942  sim
483.3166 -6.437 0.810  sim
484.4556 -6.150 0.876  sim
484.4738 -7.069 0.860  sim
486.3356 -4.411 0.854  sim
486.6183 -6.518 0.801  sim
492.5761 -6.937 1.019  sim
493.5476 -7.018 0.829  sim
493.5824 -6.514 0.900  sim
494.4699 -5.757 0.920  sim
497.3722 -5.508 0.944  sim
497.5237 -5.173 0.934  sim
497.6322 -6.257 0.848  sim
502.3320 -7.593 0.924  sim
502.4400 -8.874 0.967  sim
503.3678 -8.056 0.902  sim
504.3104 -5.669 0.874  sim
505.3336 -7.930 0.876  sim
505.5968 -6.805 0.874  sim
506.4030 -5.988 0.852  sim
506.5321 -7.530 0.936  sim
508.6171 -6.802 0.909  sim
509.4688 -8.755 0.908  sim
512.6534 -10.179 0.960  sim
517.5241 -8.671 0.799  sim
519.3856 -6.910 0.956  sim
522.5185 -9.567 0.889  sim
523.6114 -8.026 0.979  sim
524.4067 -6.516 0.941  sim
524.4426 -5.754 0.955  sim
525.4252 -7.261 0.869  sim
526.5210 -5.734 1.002  sim
526.5435 -4.586 0.910  sim
528.4263 -7.070 0.927  sim
528.6568 -5.632 0.878  sim
529.4701 -7.881 0.806  sim
530.4505 -9.606 0.993  sim
530.5551 -6.345 0.871  sim
530.5564 -11.552 0.951  sim
530.6787 -8.193 0.876  sim
531.4687 -8.186 0.955  sim
531.5064 -9.463 0.903  sim
531.6670 -9.644 0.841  sim
534.4384 -8.593 0.879  sim
534.4794 -7.773 1.026  sim
536.3418 -8.410 0.904  sim
539.3448 -8.724 0.821  sim
539.4965 -7.337 0.945  sim
539.5579 -8.600 0.859  sim
545.6445 -6.932 0.918  sim
546.3552 -6.236 0.908  sim
547.4490 -7.079 0.891  sim
555.6548 -7.661 0.872  sim
560.3922 -7.565 0.939  sim
561.3880 -7.532 1.032  sim
562.5371 -5.032 0.955  sim
574.4773 -6.559 0.904  sim
580.6513 -5.887 0.805  sim
582.6867 -6.325 0.845  sim
592.6506 -2.492 0.974  sim
594.3209 -3.782 0.934  sim
