5.3662 -11.730 0.992  sim
6.6197 -9.347 0.956  sim
6.6494 -8.983 0.926  sim
9.4232 -10.233 0.786  sim
10.3418 -12.376 0.911  sim
16.6964 -9.214 0.842  sim
19.6031 -13.124 0.912  sim
28.6765 -8.376 0.938  sim
33.3674 -10.695 0.770  sim
34.6574 -10.086 0.942  sim
49.6128 -12.142 0.824  sim
58.6295 -11.882 0.973  sim
61.4598 -11.574 0.811  sim
61.5096 -14.930 0.984  sim
61.6268 -12.729 0.868  sim
64.6706 -11.979 0.941  sim
68.6434 -9.115 0.907  sim
69.6041 -10.090 0.926  sim
72.6884 -11.290 0.846  sim
73.3857 -10.076 0.903  sim
73.5429 -10.557 0.916  sim
74.4490 -7.440 0.887  sim
74.5273 -7.412 0.938  sim
76.4687 -7.241 0.980  sim
78.5669 -7.059 0.858  sim
78.6670 -9.842 0.978  sim
79.6421 -10.386 0.949  sim
80.4187 -10.657 0.863  sim
81.6649 -9.606 0.839  sim
82.3125 -7.891 0.850  sim
82.3627 -8.873 0.901  sim
83.3364 -9.544 0.881  sim
85.4117 -8.246 0.907  sim
88.6074 -10.573 0.870  sim
91.5664 -10.177 0.943  sim
93.4555 -11.319 0.943  sim
93.5159 -13.070 0.851  sim
102.6612 -11.801 0.872  sim
104.5791 -10.494 1.003  sim
109.5871 -9.819 0.919  sim
110.4352 -9.436 0.946  sim
115.3686 -8.389 0.875  sim
117.4878 -8.780 0.855  sim
121.6690 -9.773 0.962  sim
123.4656 -9.882 0.848  sim
123.5516 -11.186 0.828  sim
123.6220 -10.318 0.804  sim
124.4904 -10.541 0.848  sim
125.5255 -12.296 0.892  sim
125.6651 -14.244 0.769  sim
126.6758 -10.748 0.974  sim
127.3475 -10.294 0.919  sim
128.5170 -11.167 0.939  sim
129.5666 -10.867 0.963  sim
130.4352 -10.786 0.817  sim
132.6078 -13.703 0.902  sim
133.4789 -11.738 0.876  sim
136.4042 -12.006 0.935  sim
138.4347 -10.291 0.810  sim
138.5198 -12.465 0.865  sim
139.4290 -10.864 0.819  sim
141.5662 -9.900 0.845  sim
142.4227 -9.837 0.941  sim
144.4401 -10.651 0.992  sim
147.6863 -11.037 0.893  sim
152.6367 -9.117 0.861  sim
153.4393 -6.316 0.860  sim
154.4880 -7.574 0.848  sim
157.6632 -8.233 0.959  sim
160.6440 -6.714 0.901  sim
161.3530 -7.522 0.835  sim
163.3374 -7.776 0.831  sim
164.3978 -8.303 0.886  sim
164.4275 -7.554 0.905  sim
165.4198 -11.024 0.904  sim
167.3373 -9.511 0.883  sim
167.5848 -10.263 0.778  sim
169.6243 -8.135 0.837  sim
170.6175 -9.406 0.903  sim
177.3084 -9.316 0.923  sim
177.5056 -9.697 0.935  sim
178.6505 -6.389 0.880  sim
179.5602 -6.915 0.883  sim
179.5832 -7.124 0.927  sim
180.5646 -6.103 0.965  sim
182.4304 -7.842 0.938  sim
183.4079 -8.651 0.797  sim
183.6304 -9.981 0.906  sim
189.4551 -7.718 0.861  sim
203.5430 -11.856 0.962  sim
204.4508 -11.427 0.871  sim
205.4146 -11.591 0.897  sim
222.6618 -11.283 0.943  sim
227.6832 -10.908 1.043  sim
231.4824 -6.116 0.855  sim
236.5529 -9.021 0.832  sim
393.3775 -6.822 0.989  sim
399.4834 -9.039 1.019  sim
401.4528 -12.996 0.885  sim
402.5423 -11.759 0.877  sim
404.3039 -11.944 0.877  sim
413.3766 -9.114 0.990  sim
425.6561 -12.508 0.830  sim
432.4126 -7.639 0.878  sim
432.4185 -8.172 0.855  sim
433.6418 -9.027 0.841  sim
433.6527 -8.565 0.918  sim
434.3800 -7.934 0.847  sim
435.3298 -8.596 0.898  sim
438.3518 -8.410 0.913  sim
438.6988 -8.786 0.891  sim
439.5787 -9.057 0.911  sim
441.4122 -7.934 0.935  sim
441.4642 -8.516 0.981  sim
441.6697 -9.636 0.925  sim
442.3139 -6.859 0.903  sim
442.4114 -8.711 0.922  sim
443.4186 -9.631 0.935  sim
443.4438 -9.546 0.901  sim
445.4641 -11.528 0.919  sim
446.3365 -11.084 0.948  sim
450.6496 -11.520 0.910  sim
455.4618 -10.055 0.891  sim
456.5282 -10.779 0.970  sim
456.6472 -11.477 0.910  sim
456.6661 -11.560 0.903  sim
457.4959 -8.853 0.891  sim
457.6022 -10.698 0.960  sim
458.5006 -11.269 0.943  sim
459.4491 -9.837 0.919  sim
462.6162 -11.153 1.096  sim
463.3643 -14.085 0.910  sim
463.4780 -13.108 0.942  sim
465.6001 -14.502 0.907  sim
466.3528 -13.012 0.960  sim
467.3615 -13.538 0.894  sim
467.4595 -14.585 0.919  sim
469.4123 -13.971 0.935  sim
469.4169 -15.175 0.898  sim
469.5272 -15.904 0.877  sim
471.5223 -10.369 0.990  sim
473.5902 -11.217 0.913  sim
474.4889 -11.072 0.882  sim
475.3023 -12.928 0.946  sim
479.4468 -12.151 0.864  sim
481.5647 -10.746 0.930  sim
484.4503 -14.833 0.893  sim
493.6469 -12.313 0.924  sim
496.4076 -14.443 0.905  sim
497.3619 -16.033 1.031  sim
499.3655 -14.708 0.877  sim
500.4130 -16.449 0.904  sim
500.4465 -12.807 0.926  sim
500.4649 -14.290 0.827  sim
502.3583 -13.410 0.840  sim
502.4206 -14.609 0.974  sim
502.4628 -12.122 0.948  sim
503.3524 -13.473 0.896  sim
505.5499 -14.049 0.964  sim
507.4712 -10.065 0.895  sim
508.6314 -12.323 0.945  sim
509.5707 -13.030 0.893  sim
510.3296 -11.865 0.940  sim
510.4538 -12.169 0.914  sim
513.3152 -12.417 0.933  sim
515.3454 -11.766 0.962  sim
516.3905 -13.252 0.930  sim
516.4185 -10.644 0.955  sim
517.6977 -13.984 0.864  sim
518.3186 -10.761 0.841  sim
520.3240 -10.788 0.890  sim
522.4751 -11.978 0.931  sim
522.6693 -9.568 0.878  sim
529.4248 -9.017 0.978  sim
529.5246 -11.067 0.941  sim
531.4041 -9.986 0.941  sim
532.4483 -12.024 0.950  sim
533.4149 -9.818 0.957  sim
533.5956 -11.570 0.882  sim
538.6155 -12.469 0.973  sim
538.6848 -13.291 0.976  sim
540.4768 -13.894 0.882  sim
541.4994 -12.914 0.872  sim
542.6450 -8.695 0.931  sim
543.3948 -11.307 0.926  sim
543.4682 -6.980 0.856  sim
543.6728 -10.513 0.899  sim
544.4181 -9.324 1.020  sim
545.4055 -7.374 0.996  sim
545.4801 -7.484 0.883  sim
550.3572 -8.583 0.891  sim
562.6519 -10.323 0.938  sim
567.7000 -9.105 0.924  sim
570.4224 -12.266 0.864  sim
570.4402 -10.236 0.881  sim
575.3021 -13.831 0.953  sim
577.3825 -17.369 0.932  sim
589.5340 -13.822 0.906  sim
596.3083 -15.787 0.876  sim
596.6788 -16.481 0.931  sim
