3.5649 2.881 0.875  sim
16.4547 2.824 0.963  sim
16.6294 0.453 0.906  sim
17.4018 -1.539 0.903  sim
17.6265 2.299 0.888  sim
18.6780 0.329 0.824  sim
27.4077 0.287 0.894  sim
45.4877 3.095 0.824  sim
47.5944 4.023 0.949  sim
49.3731 1.747 0.848  sim
60.4704 2.070 0.939  sim
61.3248 2.012 0.903  sim
61.6091 1.636 0.903  sim
63.3775 -3.364 0.902  sim
65.5368 -3.031 0.853  sim
69.6095 -1.736 0.819  sim
70.5270 -1.181 0.944  sim
70.6781 -0.523 0.970  sim
72.3494 0.349 1.004  sim
73.4378 -1.820 0.909  sim
74.3832 -3.667 0.899  sim
74.4331 -2.176 0.907  sim
74.4996 -3.414 0.929  sim
76.3242 -4.505 0.845  sim
76.5585 -3.284 0.932  sim
76.6479 -4.276 0.995  sim
78.3487 -4.493 0.858  sim
79.4261 -4.562 0.895  sim
81.3533 0.118 0.957  sim
81.4912 0.479 0.901  sim
82.5020 1.844 0.909  sim
85.6275 0.114 0.914  sim
87.4028 -2.794 0.906  sim
87.6724 -1.609 0.857  sim
88.4348 -2.703 0.981  sim
89.4673 -1.822 0.844  sim
89.5766 0.011 0.896  sim
90.4202 1.815 0.815  sim
90.5067 0.120 0.904  sim
92.3997 -0.068 0.923  sim
94.5638 3.791 0.898  sim
95.4981 2.714 0.971  sim
96.3434 3.955 0.862  sim
96.5378 2.515 0.852  sim
98.5845 2.527 0.815  sim
101.4820 -2.334 0.945  sim
102.6366 -2.635 0.952  sim
103.3760 -4.099 0.941  sim
103.6922 -6.776 0.932  sim
106.3684 -3.439 0.873  sim
106.4953 -2.167 0.877  sim
107.6744 -2.605 0.958  sim
108.5999 -0.979 1.031  sim
110.4423 -5.452 0.936  sim
111.6053 -3.062 0.958  sim
115.6558 -2.416 0.911  sim
117.3917 0.964 0.929  sim
117.4025 0.292 0.928  sim
118.3030 2.710 0.820  sim
121.5922 -1.262 0.817  sim
122.4555 -4.560 0.915  sim
123.4586 -4.853 0.791  sim
123.6795 -8.470 0.941  sim
124.5459 -7.278 0.883  sim
125.3300 -5.007 0.950  sim
125.5189 -5.327 0.813  sim
126.3810 -3.115 0.927  sim
126.4281 -3.054 0.871  sim
129.4107 0.631 0.918  sim
129.4271 1.243 0.925  sim
130.4749 2.068 0.917  sim
130.6347 -0.877 0.898  sim
131.5611 1.967 0.923  sim
135.6878 -0.796 0.845  sim
142.4753 0.857 0.943  sim
144.5729 -2.574 0.828  sim
146.4192 -2.912 0.889  sim
147.3454 -3.265 0.922  sim
150.4299 -6.582 0.872  sim
150.6116 -3.510 0.978  sim
150.6710 -4.454 0.983  sim
150.6912 -2.747 0.942  sim
152.5761 -5.336 0.965  sim
153.6087 -3.551 0.867  sim
153.6958 -2.909 0.963  sim
154.4649 -3.877 0.985  sim
158.3365 -1.476 0.948  sim
161.5969 -3.727 0.855  sim
162.4507 -4.588 0.868  sim
163.4207 -5.748 1.032  sim
163.5304 -6.371 0.851  sim
163.6107 -5.141 0.922  sim
164.6143 -5.529 0.921  sim
167.5259 -1.496 0.855  sim
167.6174 -2.897 0.847  sim
171.6286 -3.475 0.860  sim
173.4050 -1.872 0.852  sim
173.4963 -4.082 0.910  sim
174.5867 -0.915 0.919  sim
174.6174 -2.446 0.798  sim
174.6191 -1.000 0.942  sim
176.4303 0.039 0.983  sim
176.6344 1.281 0.906  sim
177.6467 3.671 0.841  sim
179.3221 5.979 0.936  sim
179.6969 5.741 0.916  sim
180.3181 5.155 0.850  sim
182.3383 -0.566 0.927  sim
204.5663 -4.680 0.888  sim
212.5061 -2.089 0.868  sim
212.5186 -0.591 0.901  sim
242.4578 -1.095 0.986  sim
366.4483 -7.242 0.865  sim
368.6325 -3.770 0.960  sim
370.5762 -0.091 0.900  sim
376.5768 1.777 0.836  sim
377.3303 2.887 0.918  sim
385.3328 -0.693 0.875  sim
410.3866 3.370 0.887  sim
419.5519 -0.697 0.897  sim
420.4733 1.692 0.932  sim
430.6652 5.737 0.849  sim
431.3297 3.420 0.987  sim
432.4716 4.097 0.906  sim
432.6164 5.358 0.875  sim
433.3117 4.444 0.879  sim
435.5118 2.573 0.841  sim
439.4289 -3.192 0.938  sim
440.5461 -2.913 0.931  sim
441.5592 -1.644 0.824  sim
443.5981 -0.483 0.944  sim
443.6138 -1.710 0.900  sim
444.3421 -0.324 0.857  sim
448.4631 -0.889 0.888  sim
448.6533 -1.867 0.844  sim
450.3536 -3.099 0.983  sim
450.3852 -2.647 0.884  sim
458.3665 -3.836 0.912  sim
465.6469 -2.311 0.896  sim
467.3910 -0.709 0.961  sim
469.4013 2.740 0.901  sim
469.6201 2.667 0.958  sim
472.3037 2.584 0.835  sim
472.5706 2.303 0.891  sim
473.3455 1.580 0.936  sim
473.3846 0.682 0.947  sim
474.4409 0.395 0.881  sim
476.6892 -2.907 0.881  sim
482.3525 2.665 0.775  sim
483.3211 0.803 0.980  sim
483.5082 4.689 0.927  sim
484.5775 0.720 0.893  sim
485.4220 -1.408 0.834  sim
485.4229 -0.604 0.951  sim
486.4335 -1.807 0.924  sim
487.5535 -2.084 0.934  sim
487.6272 -5.501 0.936  sim
489.4421 -4.562 0.876  sim
489.6074 -3.865 0.905  sim
493.4063 -0.886 0.869  sim
497.3159 -8.153 0.920  sim
497.3632 -4.945 0.874  sim
497.5651 -6.537 0.911  sim
499.5549 -8.226 0.926  sim
502.6568 -0.777 0.846  sim
502.6651 -1.421 0.957  sim
506.6602 1.481 0.907  sim
508.3248 1.515 0.944  sim
509.6129 -0.643 0.969  sim
512.5907 -0.215 0.903  sim
512.5928 -0.284 0.857  sim
514.3987 0.974 0.874  sim
514.5069 -1.942 0.942  sim
516.5431 -0.304 0.831  sim
517.5412 -1.601 0.886  sim
517.6140 -0.999 0.892  sim
520.3375 1.872 0.976  sim
522.3183 3.080 0.944  sim
522.6997 0.534 0.904  sim
525.4484 -2.288 0.918  sim
527.3927 -3.681 0.825  sim
528.5757 -1.884 0.802  sim
529.4723 -1.229 0.872  sim
531.4474 -1.858 0.941  sim
534.3149 -2.717 0.908  sim
534.5755 -3.367 0.950  sim
538.3726 -7.010 0.899  sim
538.5157 -7.525 0.907  sim
538.6281 -7.127 0.917  sim
539.4443 -5.935 0.965  sim
539.6982 -4.862 0.852  sim
540.5647 -1.115 0.872  sim
541.5061 1.327 0.965  sim
544.6037 0.107 0.855  sim
545.6474 0.120 0.946  sim
547.5478 -3.515 0.888  sim
547.6809 -1.990 0.889  sim
560.4992 -0.018 0.894  sim
589.6547 -2.170 0.929  sim
590.5032 1.590 1.012  sim
